# As_1e9 ns H0 omegab omegam w0pwa w DES_DZ_S1 DES_DZ_S2 DES_DZ_S3 DES_DZ_S4 DES_M1 DES_M2 DES_M3 DES_M4 DES_A1_1 DES_A1_2 DES_DZ_L1 DES_DZ_L2 DES_DZ_L3 DES_DZ_L4 DES_DZ_L5 DES_B1_1 DES_B1_2 DES_B1_3 DES_B1_4 DES_B1_5
2.109572820041416275e-01 1.140383281150571942e-02 -1.751502699913185523e+00 -1.145207054884081086e-03 -1.839010887271753762e-03 1.982911765300589546e-01 1.149879526652684836e-02 -2.715844806819880220e-05 -1.372882198627582663e-04 -2.206458845268267349e-05 -1.376913544689509366e-05 -1.373662535443826045e-04 -2.029965105775186247e-04 -4.775621991102875627e-04 -2.366704036713282390e-04 -5.674501819433686901e-03 -7.103067135746189698e-02 -7.726071749925985071e-05 -4.450924555885644193e-05 3.687425003264320326e-05 -2.236826374764565053e-06 1.833336428275836045e-04 -2.162047311589178691e-02 -2.623478780801380417e-02 -3.022490683340086845e-02 -4.066683186650545817e-02 -4.850225214198916612e-02
1.140383281150571942e-02 3.077853354023043705e-03 -5.357111479597913978e-02 3.542773682250959324e-05 -6.482118731898155834e-04 -9.732739786877786633e-05 -2.723359168141572997e-03 1.678633127663415754e-05 2.061399290713547796e-06 -8.397891169570431095e-06 -1.519370228036589167e-05 9.344159834808168563e-06 -1.348419969167749024e-05 1.384439455672641049e-05 -2.308650700387578045e-06 1.356105308820653539e-03 4.777730368371894618e-03 5.139914282785309280e-06 7.159361568731257033e-06 6.531842372938037159e-06 4.721603307126137671e-06 -8.442734263014496925e-06 -7.785705291814208184e-04 -5.193998178491094318e-04 -3.387032804982289050e-04 -2.485274270800786733e-04 -1.214088572302173935e-04
-1.751502699913185523e+00 -5.357111479597913978e-02 9.933195547006569370e+01 2.611444845862695430e-02 -2.305228561516420582e-01 5.988642551588984064e-01 -4.865448111053544133e-01 1.586019575213568761e-03 3.670145289536111974e-04 -1.250010937025079023e-03 -1.013610000300553884e-02 2.494164890411182389e-03 -1.956308541979704090e-04 6.773383178228518757e-03 4.107650591275487247e-04 3.314072003824998225e-01 1.381657196846794777e+00 -3.221073373092185588e-04 2.253523704407752511e-03 1.705422679341613186e-03 3.428099044403657390e-03 1.988911336444355773e-03 -5.891397031646883331e-01 -5.994750838262095094e-01 -5.489387993003387312e-01 -6.265674581760878326e-01 -5.869234215365213281e-01
-1.145207054884081086e-03 3.542773682250959324e-05 2.611444845862695430e-02 1.234261939087724419e-04 1.547740989328038903e-04 -6.302731831983219516e-04 4.814858895086823981e-04 -2.090843641012752266e-06 8.669783999904071050e-08 1.253339774032554652e-06 4.417115165916963439e-06 -2.808090879507440398e-06 -1.853216794385652233e-06 -6.732655193648110142e-06 2.736636782007362516e-07 -2.129789709684658467e-04 -1.227716766406679230e-03 -2.596382111127851412e-06 -1.998092795753233996e-06 -4.439714155202143592e-07 3.022916178107944739e-07 -5.053495839963249919e-06 4.161632934501242193e-04 4.222903606210686215e-04 4.069609013497188141e-04 4.727800746141419693e-04 4.490998215900679556e-04
-1.839010887271753762e-03 -6.482118731898155834e-04 -2.305228561516420582e-01 1.547740989328038903e-04 1.561979808521226547e-03 -4.602285449643730465e-03 9.063676386859493769e-03 -2.465372957513719073e-05 -6.959458829831818194e-06 2.349810561346919049e-05 5.622476962768890629e-05 -2.252901427208546382e-05 -1.277346445777328846e-05 -2.512238453791863215e-05 7.969013394934685131e-06 -2.748464523355484759e-03 -9.941532232069444711e-03 -1.691107254757406240e-05 -2.024300691797516064e-05 -1.315169238526525474e-05 -1.559956723281486120e-05 -9.672064262001129375e-06 2.485641847333267592e-03 2.209424207238296165e-03 1.831988393537705134e-03 1.937294057615750274e-03 1.889038712712102662e-03
1.982911765300589546e-01 -9.732739786877786633e-05 5.988642551588984064e-01 -6.302731831983219516e-04 -4.602285449643730465e-03 1.571047358852204034e+00 -3.098167401834588941e-01 -2.821098292650489419e-04 -3.116064407243065212e-04 7.078650241063297929e-04 2.710571230392347288e-03 -4.256613866043490956e-04 -7.046665467572718958e-05 5.293612911952129104e-04 1.151792907259172310e-03 -1.260972846071776315e-02 -2.540934457249963141e-01 -9.962601934130939504e-05 -1.975493788373211752e-04 -2.002308509537341255e-04 -5.185375863023573709e-04 -1.839060207781630823e-04 1.775994328399897737e-02 1.080018330521301598e-02 -1.737887619762638804e-03 -1.877343874187038797e-02 -3.319726324526683925e-02
1.149879526652684836e-02 -2.723359168141572997e-03 -4.865448111053544133e-01 4.814858895086823981e-04 9.063676386859493769e-03 -3.098167401834588941e-01 2.481905907301575065e-01 -2.421661313276876149e-04 1.355761683704994148e-05 3.902494348988359211e-04 -2.166910701363067586e-04 -1.466949401382939850e-04 -2.654511479779796861e-04 4.749091691146698890e-04 2.725245337091885059e-04 -2.883832033989546309e-02 -8.449992990815597890e-03 -3.184911619860997830e-04 -1.138740209513273169e-04 -6.958128617507245121e-06 1.515115354857344014e-04 3.101884832674790728e-04 -3.235381014185352566e-02 -4.053501632276231698e-02 -4.369457320954456964e-02 -5.365379428515509863e-02 -5.396250478881806090e-02
-2.715844806819879204e-05 1.678633127663415415e-05 1.586019575213568761e-03 -2.090843641012752266e-06 -2.465372957513719073e-05 -2.821098292650489419e-04 -2.421661313276876149e-04 1.977133330402272820e-04 1.969866434341174769e-05 7.111892597889894485e-07 1.382791041269493247e-07 -2.575087225722719019e-05 1.876239995941223959e-05 5.309561537853745342e-06 4.631387885087865930e-07 3.510901620782665264e-04 -9.553914520098511290e-03 1.513982390954456732e-06 1.766977319023840563e-06 2.805979510394489614e-07 1.870661743013395793e-06 -1.414725020382200222e-06 4.843989501009427950e-06 1.157670578505570996e-05 1.875782890642483259e-05 3.298841644350478547e-05 5.310372354501680477e-05
-1.372882198627582934e-04 2.061399290713548643e-06 3.670145289536111974e-04 8.669783999904071050e-08 -6.959458829831819889e-06 -3.116064407243065212e-04 1.355761683704993640e-05 1.969866434341174769e-05 1.183146379728544688e-04 5.773412922184024405e-06 6.109489581725463303e-06 7.492007049766663139e-06 -3.039980296071491490e-05 1.441182816089978478e-05 8.608686877530434043e-06 2.375101391466498445e-04 -2.588134883578343919e-03 -2.959635058428074375e-07 3.916686085564980658e-06 3.735377847459343485e-06 1.521981800264613561e-06 -8.902240600729080141e-09 1.750215054718833542e-05 3.822004544370408743e-05 3.582481648855387243e-05 5.300109769701485550e-05 3.769752565932473160e-05
-2.206458845268267010e-05 -8.397891169570434483e-06 -1.250010937025079023e-03 1.253339774032554440e-06 2.349810561346918710e-05 7.078650241063297929e-04 3.902494348988359211e-04 7.111892597889898720e-07 5.773412922184024405e-06 9.741155205834100997e-05 2.687251949919250042e-05 -1.494687453186882068e-07 4.571977829126123584e-06 -2.426610746816605408e-05 1.927588657194421310e-05 7.284245214881034092e-05 2.238469107297506259e-03 -2.017060760412773225e-07 -7.064752055967838201e-07 2.786264156609008541e-06 8.043750413463323187e-06 1.589533358184168757e-06 1.844496188226539830e-05 1.144366395868323555e-05 -1.736340637651253488e-06 -3.238210374073488405e-05 -4.579023392447103478e-05
-1.376913544689508688e-05 -1.519370228036589167e-05 -1.013610000300553884e-02 4.417115165916963439e-06 5.622476962768890629e-05 2.710571230392347288e-03 -2.166910701363067586e-04 1.382791041269486100e-07 6.109489581725464150e-06 2.687251949919250042e-05 3.587300255845056267e-04 1.125912477784478440e-07 5.204095201275614068e-06 4.665142513514798308e-05 -6.599270798626882795e-05 -2.594621658782827523e-04 8.209889320539936986e-04 -8.367809924007149336e-07 -4.759530506804555766e-07 -6.993070619082210318e-07 1.004635965009480419e-05 9.017201628334754423e-06 2.942337829096457777e-04 3.383265298967874321e-04 3.007995124079499783e-04 3.354156556006871143e-04 2.744351400770683367e-04
-1.373662535443826045e-04 9.344159834808170257e-06 2.494164890411182389e-03 -2.808090879507440398e-06 -2.252901427208546382e-05 -4.256613866043490956e-04 -1.466949401382939850e-04 -2.575087225722719019e-05 7.492007049766660598e-06 -1.494687453186881539e-07 1.125912477784474866e-07 5.156986412377341164e-04 2.202309983189161485e-06 1.461312661477099108e-06 2.546385346753227309e-06 1.252089348192280739e-04 -3.011865694742439214e-03 3.424255781478584713e-07 -6.099793723533315470e-07 1.384530336158941681e-06 3.725998650555211845e-07 1.155339387390725096e-06 -1.508950376736831440e-05 -1.811197352019303506e-06 1.838875868388136506e-05 4.162742291985319722e-05 5.772892530355026614e-05
-2.029965105775186518e-04 -1.348419969167748685e-05 -1.956308541979706801e-04 -1.853216794385652656e-06 -1.277346445777328846e-05 -7.046665467572714892e-05 -2.654511479779796861e-04 1.876239995941223959e-05 -3.039980296071491490e-05 4.571977829126123584e-06 5.204095201275614068e-06 2.202309983189161909e-06 4.967431849790074913e-04 1.354851252863592236e-05 8.909514347083364610e-06 2.445770655656180387e-04 -1.938142005285323731e-03 1.196322208211673292e-06 1.452370875645106830e-06 3.163041272557678539e-08 4.494300142303373415e-07 -1.729465473285365748e-06 8.290615174532636918e-05 9.858110695510653851e-05 1.030426388760563404e-04 1.342107941819509469e-04 1.435012607171104514e-04
-4.775621991102875627e-04 1.384439455672641049e-05 6.773383178228517890e-03 -6.732655193648110142e-06 -2.512238453791863215e-05 5.293612911952129104e-04 4.749091691146698890e-04 5.309561537853745342e-06 1.441182816089978478e-05 -2.426610746816605408e-05 4.665142513514798308e-05 1.461312661477101226e-06 1.354851252863592236e-05 4.429713083805915819e-04 6.054554082308749629e-05 -1.976429861539688040e-04 2.710836720195502949e-03 -2.082805699615719065e-06 2.240314436316918462e-06 1.029660033219219575e-06 1.802110170248334300e-06 7.059873281077493467e-07 1.113696131708613048e-04 1.007377816996917738e-04 7.213696612016341867e-05 7.332948768961192242e-05 6.283520584383460309e-05
-2.366704036713281577e-04 -2.308650700387604303e-06 4.107650591275502426e-04 2.736636782007360927e-07 7.969013394934695296e-06 1.151792907259171876e-03 2.725245337091883975e-04 4.631387885087865930e-07 8.608686877530432349e-06 1.927588657194421649e-05 -6.599270798626884150e-05 2.546385346753228580e-06 8.909514347083366304e-06 6.054554082308749629e-05 4.564134297533558086e-04 -2.955334344571083145e-04 2.134857976239554027e-03 -6.967206151498925008e-07 -1.791957208075601234e-06 -4.671045888710850438e-07 5.437764704022567631e-07 -2.974194346002396119e-07 1.156264540199332288e-04 1.410532604841105246e-04 1.099954019786812914e-04 1.045839466448378877e-04 9.085123786073672370e-05
-5.674501819433686901e-03 1.356105308820653539e-03 3.314072003824998225e-01 -2.129789709684658467e-04 -2.748464523355484759e-03 -1.260972846071776315e-02 -2.883832033989546309e-02 3.510901620782665264e-04 2.375101391466498445e-04 7.284245214881034092e-05 -2.594621658782827523e-04 1.252089348192280739e-04 2.445770655656180387e-04 -1.976429861539688040e-04 -2.955334344571083145e-04 4.117514435282302460e-02 1.526956105534483521e-01 1.894235353409691783e-05 -4.724786804205519043e-06 5.128882634000852576e-05 -1.444400992282369209e-04 -8.607009500452014131e-05 -7.457439440606016033e-04 7.329123737673036258e-04 2.223097675210163222e-03 3.416910395180900156e-03 4.207286245000864400e-03
-7.103067135746189698e-02 4.777730368371894618e-03 1.381657196846794777e+00 -1.227716766406679230e-03 -9.941532232069444711e-03 -2.540934457249963141e-01 -8.449992990815597890e-03 -9.553914520098511290e-03 -2.588134883578343919e-03 2.238469107297506259e-03 8.209889320539934818e-04 -3.011865694742439214e-03 -1.938142005285324165e-03 2.710836720195502949e-03 2.134857976239553593e-03 1.526956105534483799e-01 5.309436162463840425e+00 1.048111545105427167e-03 3.582761464729413434e-04 1.240268694335466501e-04 -4.425560801327693802e-04 -4.931656859892851776e-04 4.906030117324975716e-03 2.301579551477573021e-03 6.224820488463829113e-03 1.110304431618419456e-02 1.504940123874438061e-02
-7.726071749925987782e-05 5.139914282785306739e-06 -3.221073373092187757e-04 -2.596382111127851412e-06 -1.691107254757406240e-05 -9.962601934130962543e-05 -3.184911619860996746e-04 1.513982390954456520e-06 -2.959635058428077552e-07 -2.017060760412778519e-07 -8.367809924007152512e-07 3.424255781478582066e-07 1.196322208211673716e-06 -2.082805699615719065e-06 -6.967206151498927126e-07 1.894235353409691783e-05 1.048111545105427167e-03 4.504375680947849157e-05 2.504707699111831753e-07 -2.838512663752806775e-07 3.875647718216724298e-08 -4.453987332111174178e-07 1.516819489554464492e-04 6.256798159422063217e-05 6.816789338949317525e-05 1.009722972500673964e-04 1.078961962733803592e-04
-4.450924555885644871e-05 7.159361568731257033e-06 2.253523704407752511e-03 -1.998092795753234419e-06 -2.024300691797516064e-05 -1.975493788373211752e-04 -1.138740209513273169e-04 1.766977319023841198e-06 3.916686085564980658e-06 -7.064752055967840318e-07 -4.759530506804553649e-07 -6.099793723533314411e-07 1.452370875645106618e-06 2.240314436316918885e-06 -1.791957208075601234e-06 -4.724786804205517349e-06 3.582761464729413434e-04 2.504707699111830694e-07 4.397530830029464783e-05 9.823824497086075169e-07 3.655994879355342683e-07 8.982950277954523498e-07 2.225594919188468711e-07 6.811533406849046193e-05 2.820047220072504198e-06 7.888881982200840028e-06 1.493649678668528951e-05
3.687425003264320326e-05 6.531842372938037159e-06 1.705422679341613186e-03 -4.439714155202143592e-07 -1.315169238526525474e-05 -2.002308509537340713e-04 -6.958128617507246815e-06 2.805979510394488025e-07 3.735377847459343485e-06 2.786264156609008541e-06 -6.993070619082210318e-07 1.384530336158941681e-06 3.163041272557670599e-08 1.029660033219219575e-06 -4.671045888710850438e-07 5.128882634000852576e-05 1.240268694335466501e-04 -2.838512663752806775e-07 9.823824497086077286e-07 3.288294223969863986e-05 9.762871772132244964e-07 2.161535015188832854e-07 -2.572795344500436094e-05 -2.425614569169301990e-05 2.043020681218684807e-05 -2.396845656070155261e-05 -2.366825134819563174e-05
-2.236826374764578182e-06 4.721603307126134283e-06 3.428099044403658691e-03 3.022916178107950033e-07 -1.559956723281485781e-05 -5.185375863023571541e-04 1.515115354857343472e-04 1.870661743013396005e-06 1.521981800264613985e-06 8.043750413463321493e-06 1.004635965009480080e-05 3.725998650555203375e-07 4.494300142303369710e-07 1.802110170248334512e-06 5.437764704022567631e-07 -1.444400992282369209e-04 -4.425560801327694345e-04 3.875647718216726945e-08 3.655994879355342683e-07 9.762871772132247082e-07 8.288008561680483023e-05 1.937766047479729048e-06 -5.303366024312117401e-05 -5.714588568934465557e-05 -6.100392594256766787e-05 4.461278265446775698e-05 -7.164324749706147875e-05
1.833336428275836045e-04 -8.442734263014495231e-06 1.988911336444356207e-03 -5.053495839963250766e-06 -9.672064262001129375e-06 -1.839060207781631907e-04 3.101884832674790728e-04 -1.414725020382200222e-06 -8.902240600729080141e-09 1.589533358184168969e-06 9.017201628334754423e-06 1.155339387390725096e-06 -1.729465473285365748e-06 7.059873281077495584e-07 -2.974194346002396119e-07 -8.607009500452014131e-05 -4.931656859892852860e-04 -4.453987332111175766e-07 8.982950277954523498e-07 2.161535015188832060e-07 1.937766047479729048e-06 9.599036076693969941e-05 -1.257407964658938874e-04 -1.413898901422868770e-04 -1.420695277969412276e-04 -1.750557637104951231e-04 -6.160711929186631043e-05
-2.162047311589178691e-02 -7.785705291814208184e-04 -5.891397031646883331e-01 4.161632934501242193e-04 2.485641847333267592e-03 1.775994328399898084e-02 -3.235381014185352566e-02 4.843989501009422020e-06 1.750215054718833542e-05 1.844496188226539492e-05 2.942337829096457777e-04 -1.508950376736831779e-05 8.290615174532636918e-05 1.113696131708612777e-04 1.156264540199332288e-04 -7.457439440606016033e-04 4.906030117324975716e-03 1.516819489554464492e-04 2.225594919188461564e-07 -2.572795344500436094e-05 -5.303366024312117401e-05 -1.257407964658938874e-04 2.336441405019182987e-02 2.014231273650079340e-02 2.045563553152016795e-02 2.487454821795804724e-02 2.567275801852533443e-02
-2.623478780801380764e-02 -5.193998178491094318e-04 -5.994750838262093984e-01 4.222903606210686215e-04 2.209424207238296599e-03 1.080018330521302118e-02 -4.053501632276232391e-02 1.157670578505570149e-05 3.822004544370410776e-05 1.144366395868323216e-05 3.383265298967874321e-04 -1.811197352019291647e-06 9.858110695510655206e-05 1.007377816996917738e-04 1.410532604841105517e-04 7.329123737673034090e-04 2.301579551477571720e-03 6.256798159422063217e-05 6.811533406849046193e-05 -2.425614569169301990e-05 -5.714588568934465557e-05 -1.413898901422868770e-04 2.014231273650079340e-02 2.565653704456084469e-02 2.368819757345851790e-02 2.902346937595672721e-02 3.010844264952434318e-02
-3.022490683340086845e-02 -3.387032804982289050e-04 -5.489387993003387312e-01 4.069609013497188141e-04 1.831988393537705134e-03 -1.737887619762638804e-03 -4.369457320954456964e-02 1.875782890642483598e-05 3.582481648855387243e-05 -1.736340637651250523e-06 3.007995124079499783e-04 1.838875868388136845e-05 1.030426388760563404e-04 7.213696612016339156e-05 1.099954019786812914e-04 2.223097675210163222e-03 6.224820488463829113e-03 6.816789338949317525e-05 2.820047220072505892e-06 2.043020681218684468e-05 -6.100392594256766787e-05 -1.420695277969412276e-04 2.045563553152016795e-02 2.368819757345851790e-02 2.657857937313910443e-02 3.060233000858122304e-02 3.204682862142740202e-02
-4.066683186650545817e-02 -2.485274270800786733e-04 -6.265674581760878326e-01 4.727800746141419693e-04 1.937294057615750274e-03 -1.877343874187038797e-02 -5.365379428515509863e-02 3.298841644350479903e-05 5.300109769701485550e-05 -3.238210374073488405e-05 3.354156556006871143e-04 4.162742291985319722e-05 1.342107941819509469e-04 7.332948768961192242e-05 1.045839466448378877e-04 3.416910395180900156e-03 1.110304431618419456e-02 1.009722972500673964e-04 7.888881982200840028e-06 -2.396845656070155261e-05 4.461278265446775698e-05 -1.750557637104951231e-04 2.487454821795804724e-02 2.902346937595672721e-02 3.060233000858122304e-02 4.071464084005624318e-02 4.029188675218470933e-02
-4.850225214198915918e-02 -1.214088572302175154e-04 -5.869234215365211060e-01 4.490998215900677930e-04 1.889038712712103095e-03 -3.319726324526685313e-02 -5.396250478881806090e-02 5.310372354501683188e-05 3.769752565932471804e-05 -4.579023392447104833e-05 2.744351400770683909e-04 5.772892530355030680e-05 1.435012607171104514e-04 6.283520584383460309e-05 9.085123786073673725e-05 4.207286245000864400e-03 1.504940123874438235e-02 1.078961962733803592e-04 1.493649678668529459e-05 -2.366825134819563174e-05 -7.164324749706147875e-05 -6.160711929186631043e-05 2.567275801852533443e-02 3.010844264952434318e-02 3.204682862142740202e-02 4.029188675218470933e-02 4.865314828408821846e-02
